201002 미창석유 003650 40438  80  49537  80
201002 아트라스BX 023890 14284  233  24173  233
201002 인터파크 035080 6493  527  4504  527
201003 KISCO홀딩스 001940 62515  53  39033  53
201003 영원무역홀딩스 009970 31141  110  49526  110
201003 DSR제강 069730 4079  810  3752  810
201004 풍산홀딩스 005810 22970  150  36240  150
201004 제이엠아이 033050 4032  784  2732  784
201004 무학 033920 4778  706  10483  706
201005 넥센 005720 46800  70  72328  70
201005 대한유화 006650 41950  80  137250  80
201005 동우 088910 3890  857  4805  857
201006 서원 021050 3687  850  2907  850
201006 우전앤한단 052270 8438  316  5032  316
201006 KH바텍 060720 15520  220  11630  220
201007 동일기연 032960 10043  327  12033  343
201007 비에스이 045970 5605  589  3557  589
201007 태양산업 053620 7389  445  5638  445
201008 KPX화인케미칼 025850 56433  60  31997  60
201008 심텍 036710 9746  325  11400  325
201008 한세실업 105630 6093  440  6981  440
201009 세방전지 004490 28975  120  37887  120
201009 사조오양 006090 14868  220  15513  220
201010 코데즈컴바인 047770 1432  2328  1607  2427
201010 한국전자금융 063570 3123  1068  1887  1,068
201010 비상교육 100220 10264  330  6470  400
201011 제일약품 002620 14133  240  11300  240
201011 조광피혁 004700 12615  270  10200  270
201011 삼영이엔씨 065570 6806  494  5795  494
201012 국제엘렉트릭 053740 9177  363  17483  363
201012 에버테크노 070480 6517  511  5030  511
201012 LIG에이디피 079950 5661  588  3978  588
201101 정상제이엘에스 040420 6813  489  5690  489
201101 대웅제약 069620 43338  80  81941  84
201101 인포바인 115310 20278  164  30793  164
201102 영원무역홀딩스 009970 31175  200  49526  200
201102 한화화인케미칼 009830 42303  150  31997  150
201102 아트라스BX 023890 26375  140  24713  140
201103 에스텍 069510 8349  646  5432  646
201103 웨이브일렉트로 095270 5522  977  1852  977
201103 웅진씽크빅 095720 16510  330  9852  330
201104 한성기업 003680 9982  540  8414  540
201104 예림당 036000 5208  1041  6299  1041
201104 아이앤씨 052860 7191  748  4117  748
201105 대원제약 003220 5925  910  12704  1101
201105 KCC건설 021320 40959  130  24698  130
201105 한국컴퓨터 054040 3871  1406  3127  1406
201106 제주반도체 080220 4076  1326  8763  1326
201106 오디텍 080520 8587  629  13721  637
201106 KC코드렐 119650 19096  290  11015  473
201107 선광 003100 19804  273  21905  273
201107 LG 003550 54150  100  69340  100
201107 참엔지니어링 009310 2617  2060  2966  2060
201108 나이스정보통신 036800 5142  1047  5989  1047
201108 동양이엔피 079960 6840  809  21002  809
201108 이연제약 102460 11162  480  22962  480
201109 KISCO홀딩스 001940 32111  170  39033  170
201109 풍산홀딩스 005810 28436  190  27255  190
201109 프로텍 053610 6023  400  8462  771
201110 AK홀딩스 006840 29377  180  38976  115
201110 대창단조 015230 34926  150  50315  150
201110 두산엔진 082740 14123  460  9510  460
201111 F&F 007700 6065  900  6004  900
201111 홈캐스트 064240 3970  1360  2806  1360
201111 케이피케미칼  16550  330  221094  16
201201 BYC 001460 152357  35  190985  35
201201 카프로 006380 22510  240  6912  240
201201 GS 078930 52683  106  55854  106
201204 탑엔지니어링 065130 5018  1040  4187  1040
201204 진도 088790 4887  1060  3377  1060
201204 ISC 095340 8042  640  15251  646
201205 인지디스플레 037330 2152  1405  1642  1405
201205 토비스 051360 4921  630  5920  630
201205 에스맥 097780 11125  280  10840  280
201206 인지디스플레 037330 2090  1020  1642  1020
201206 토비스 051360 4483  450  5920  450
201206 에스맥 097780 10497  195  10840  218
201208 삼영화학 003720 3564  1450  2390  1450
201208 영원무역홀딩스 009970 60375  80  49526  80
201208 국제엘렉트릭 053740 13636  380  17402  380
201301 동일제지 019300 1981  1560  2272  1560
201301 유진테크 084370 14033  222  21780  222
201301 이엠텍 091120 12281  266  10850  266
201302 동일제지 019300 1932  1070  2272  1070
201302 유진테크 084370 14793  138  21780  138
201302 이엠텍 091120 12110  157  10850  157
201304 기아차 000270 20730  100  58300  100
201304 삼성엔지니어링 028050 88933  60  86300  60
201304 동일금속 109860 14430  357  9870  357
201305 한세예스24홀딩스 016450 6488  800  8977  800
201305 수산중공업 017550 1678  3070  1355  3070
201305 일진디스플 020760 18760  280  9410  280
201306 NICE 034310 9703  530  12916  530
201306 이라이콤 041520 17606  293  16600  293
201306 이엔에프테크놀로지 102710 12271  420  8760  420
201308 알에프텍 061040 11213  460  6270  460
201308 청담러닝 096240 15065  343  13150  343
201308 넥스트아이 137940 8122  671  5661  671
201309 흥아해운 003280 1782  2900  1915  2900
201309 디피씨 026890 3423  1510  3385  1510
201310 나이스정보통신 036800 8013  644  28800  644
201310 네오위즈홀딩스 042420 10582  488  20300  488
201310 한전산업 130660 4670  1110  6550  1110
201311 솔브레인 036830 52155  99  30400  99
201311 파트론 091700 16034  322  11050  322
201311 아이디스 143160 16592  311  12400  311
201312 한국정보통신 025770 4305  1198  7800  1198
201312 디스플레이텍 066670 8164  632  5050  632
201312 유아이디 069330 10555  488  4615  488
201401 케이엠더블유 032500 16659  330  17900  330
201401 LG전자 066570 66877  90  61300  90
201401 옵트론텍 082210 9588  573  6400  573
201402 경동제약 011040 16742  329  25219  329
201402 동양이엔피 079960 17562  313  12750  660
201402 코리아에프티 123410 5473  1005  5576  1005
201403 우전앤한단 052270 7066  779  2440  779
201403 에스맥 097780 10658  516  5500  540
201403 모베이스 101330 10707  514  19000  617
201404 한양이엔지 045100 6861  802  13400  802
201404 코렌 078650 7637  720  3309  720
201404 이엠텍 091120 12126  453  10850  453
201405 국보디자인 066620 12808  546  20450  546
201405 한화 000880 28667  240  41300  240
201405 다우데이타 032190 5388  1300  17600  1300
201406 자화전자 033240 15012  468  15012  468
201406 동양이엔피 033240 15629  660  15629  660
201406 아나패스 123860 11253  620  11253  620
201407 피에스텍 002230 5233  1340  8175  1340
201407 KTcs 058850 3352  2095  4240  2095
201407 성도이엔지 037350 6380  1097  4205  1097
201408 아바코 083930 4017  1740  3975  1740
201408 한국컴퓨터 054040 3965  1760  3965  1760
201408 루멘스 038060 8149  860  3947  860
201409 화성산업 002460 13500  518  13500  518
201409 한신기계 002460 1566  4470  2402  4470
201409 대창단조 015230 49800  140  50500  140
201410 조선선재 120030 64115  110  64115  110
201410 아트라스BX 023890 38200  180  40950  180
201410 오디텍 080520 8030  870  8030  870
201411 이라이콤 041520 12300  569  12300  569
201411 삼양제넥스 000000 96700  72  233282  72
201411 삼목에스폼 018310 30124  234  30124  234
201412 동원개발 013120 3015  2320  3015  2320
201412 아바텍 149950 11750  593  11750  593
201412 동일기연 032960 10450  670  13870  670